0 10293 5713
0 10135 4761
502 10577 3809
0 9625 3194
6374 10025 2662
0 11928 5713
2049 12363 4761
4914 12678 3809
82 11879 3194
5596 12554 2662
0 14237 5713
4034 14125 4761
0 14214 3809
0 14595 3194
0 14531 2662
0 16197 5713
401 16032 4761
0 15861 3809
0 17367 3194
0 16444 2662
3577 18279 5713
0 17777 4761
2533 18548 3809
0 17780 3194
2153 18483 26620 4761
2968 83320 3809
603 86791 3194
7741 86199 2662
2430 88215 5713
0 85594 4761
0 86459 3809
1497 85150 3194
3007 87978 2662
1600 86055 5713
0 87141 4761
0 88312 3809
0 91708 3194
28 88746 2662
938 89163 5713
0 90265 4761
0 90588 3809
1524271 94880 4761
1524205 96684 3809
1502355 97276 3194
1507891 102852 2662
1512221 95183 5713
1518184 106373 4761
1515064 101139 3809
1520215 100350 3194
1513154 101200 2662
1526861 97119 5713
1523942 104859 4761
1512716 100320 3809
1521997 103111 3194
1527541 100762 2662
1511247 103742 5713
1527010 106514 4761
1519682 103165 3809
1507487 105893 3194
1518026 108118 2662
1510835 105077 5713
1512334 103376 4761
1520639 102023 3809
1522162 108247 3194
1514607 106938 2662
4019640 100707 3809
4021686 94480 3194
4013802 97852 2662
4020418 104136 5713
4007323 102273 4761
4013730 106570 3809
4000809 108544 3194
4014113 103375 2662
4017048 102832 5713
4009388 100590 4761
4002699 98181 3809
4003475 104636 3194
4017698 98181 2662
4023501 107356 5713
4017471 105325 4761
4013080 107290 3809
4009099 111447 3194
4008919 105852 2662
4012976 104510 5713
4012513 109432 4761
4016886 106329 3809
4015722 107952 3194
4012569 107548 2662
4017142 103956 5713
4012235 112182 4761
4026205 112009 3809
4008864 108517 3194
4015146 111540 2662
4018912 109718 5713
4015598 115423 4761
4004576 114771 3809
4016826 112081 3194
4008417 105881 2662
4009032 114471 5713
4021104 113249 4761
4004657 109012 3809
4009624 107806 3194
4020099 115077 2662
4059004 0 5713
4049630 0 4761
4059931 0 3809
4052386 0 3194
4044289 0 2662
4062713 2049 5713
4048568 2040 4761
4056308 1942 3809
4060181 2038 3194
4048308 1992 2662
4046593 4048 5713
4056285 3939 4761
4051767 4255 3809
4065183 3850 3194
4049122 3850 2662
4056930 5974 5713
4060026 6088 4761
4049888 6070 3809
4061458 6253 3194
4058849 6214 2662
4058576 8285 5713
4048614 7965 4761
4058300 8058 3809
4053722 8456 3194
4055279 8037 2662
4065637 10299 5713
4059870 10430 4761
4041769 10436 3809
4050872 10600 3194
4052552 10368 2662
4047753 12048 5713
4050857 11947 4761
4051626 12610 3809
4062166 12953 3194
4052745 12656 2662
4054478 14340 5713
4057371 14510 4761
4054975 14749 3809
4057440 14351 3194
4053909 14006 2662
4048569 16241 5713
4057164 15811 4761
4057655 15871 3809
4046565 16697 3194
4047718 16238 2662
4058545 18546 5713
4043820 18563 4761
4046763 17666 3809
4056814 18654 3194
4049126 18614 2662
4065647 20353 5713
4057265 19399 4761
4053728 21310 3809
4057602 19795 3194
4050382 20106 2662
4059825 22174 5713
4054750 22997 4761
4048368 22136 3809
4050585 23251 3194
4041769 21640 2662
4056489 25391 5713
4052045 23101 4761
4055301 25774 3809
4053299 23868 3194
4056356 25165 2662
4058828 27372 5713
4067241 26506 4761
4057716 25833 3809
4055372 26105 3194
4054464 26593 2662
4060076 29181 5713
4068146 27964 4761
4049181 27752 3809
4061050 29402 3194
4063089 28595 2662
4041769 30657 5713
4056994 30724 4761
4047667 30519 3809
4059226 31087 3194
4056899 30738 2662
4056776 34734 5713
4053863 34048 4761
4058958 31755 3809
4068251 33870 3194
4056104 33794 2662
4054508 36904 5713
4051376 33758 4761
4051651 35129 3809
4055793 34620 3194
4051186 34823 2662
4054071 34700 5713
4044980 35367 4761
4050968 37178 3809
4051577 35682 3194
4061349 35323 2662
4054991 38525 5713
4057930 38133 4761
4056359 38270 3809
4058454 38624 3194
4062480 40016 2662
4053842 41624 5713
4052746 39940 4761
4051003 40960 3809
4060234 38884 3194
4061901 39313 2662
4055366 44864 5713
4045729 43149 4761
4061786 43533 3809
4064611 42051 3194
4063647 42426 2662
4058426 44282 5713
4055923 46249 4761
4061379 44879 3809
4052568 45797 3194
4062589 45376 2662
4061591 44461 5713
4061614 48493 4761
4046615 46637 3809
4049312 46007 3194
4053394 46164 2662
4055219 47740 5713
4054360 49099 4761
4059780 48519 3809
4052814 51071 3194
4052431 48634 2662
4053441 50029 5713
4058089 48128 4761
4047896 48511 3809
4063252 53712 3194
4041769 51811 2662
4065716 54796 5713
4062072 54405 4761
4049582 53345 3809
4056436 52424 3194
4055344 54454 2662
4044490 55989 5713
4058803 54118 4761
4053208 56033 3809
4056260 53354 3194
4053159 57818 2662
4050542 54909 5713
4051569 56528 4761
4052881 55296 3809
4058692 58378 3194
4049854 56758 2662
4049619 57261 5713
4061332 60275 4761
4062858 59455 3809
4053534 58751 3194
4044033 61664 2662
4053741 61486 5713
4068311 64317 4761
4059191 60927 3809
4054321 60748 3194
4056435 65126 2662
4053754 64180 5713
4054743 66246 4761
4068311 64316 3809
4053905 62312 3194
4056745 63546 2662
4054365 63754 5713
4057313 63346 4761
4053170 65381 3809
4063390 65103 3194
4057513 65734 2662
4053127 65517 5713
4058342 68394 4761
4043854 68233 3809
4052395 67459 3194
4041769 65324 2662
4050731 69785 5713
4049764 69292 4761
7949407 82493 2662
7944589 79773 5713
7942122 78425 4761
7948746 80911 3809
7945241 78118 3194
7951533 82955 2662
7947834 83205 5713
7944761 83156 4761
7942328 78030 3809
7944675 83227 3194
7955389 81189 2662
7938732 81812 5713
7951788 79515 4761
7950513 86504 3809
7945391 85328 3194
7949743 87827 2662
7959511 85351 5713
7955339 86110 4761
7946133 88368 3809
7950718 83533 3194
7942350 86642 2662
7952386 88235 5713
7947115 83721 4761
7957382 84646 3809
7950852 92089 3194
7945335 85094 2662
7951210 87437 5713
7953542 92832 4761
7948906 88903 3809
7944069 92296 3194
7945832 91230 2662
7942385 94630 5713
7938091 92925 4761
7952928 87976 3809
7954234 92978 3194
7944086 92504 2662
7936708 96990 5713
7942631 89732 4761
7955636 91424 3809
7932969 95440 3194
7946865 93464 2662
7959299 92673 5713
7936466 96758 4761
7958427 97093 3809
7950762 101241 3194
7949506 102031 2662
7932969 95694 5713
7939738 102338 4761
7944019 94433 3809
7952910 102935 3194
7943641 96688 2662
7951049 103550 5713
7954194 96346 4761
7944280 98489 3809
7952549 99784 3194
7941975 101816 2662
7938025 102794 5713
7941036 101587 4761
7952795 100195 3809
7939821 99101 3194
7943753 104659 2662
7945055 99873 5713
7949224 106078 4761
7935191 101345 3809
7949560 104768 3194
7946295 109510 2662
7945328 107915 5713
7946661 104561 4761
7953273 104497 3809
7952437 110846 3194
7943970 106763 2662
7943263 111473 5713
7953541 108699 4761
7946486 104407 3809
7959007 113955 3194
7938204 105821 2662
7951432 110834 5713
7947999 112767 4761
7958365 110572 3809
7945523 113406 3194
7945202 107084 2662
7946404 105881 5713
7935715 110128 4761
7949354 108008 3809
7933954 112131 3194
7947224 108494 2662
7946045 111444 5713
7949019 113206 4761
7949817 112733 3809
7957231 111692 3194
7957533 116189 2662
7990088 0 5713
7985812 0 4761
8000471 0 3809
7983065 0 3194
7986036 0 2662
7987582 2034 5713
7981306 2093 4761
7987559 2169 3809
7989403 2090 3194
7990745 2002 2662
7991913 3984 5713
7989695 4131 4761
7986923 3890 3809
7983475 4130 3194
7980705 4001 2662
7978910 5988 5713
7985683 6352 4761
8000046 5868 3809
7990131 6120 3194
7990106 5775 2662
7978459 8146 5713
7985628 8240 4761
7985461 8683 3809
7982434 8127 3194
7990930 8494 2662
7981972 10081 5713
7996984 10176 4761
7987435 9909 3809
7994302 9898 3194
8000448 9872 2662
7983949 11667 5713
7996366 12450 4761
7987098 12652 3809
7981753 12096 3194
7992621 12608 2662
7975651 15172 5713
7990717 13794 4761
7997911 14504 3809
7975138 14033 3194
7992270 14115 2662
7991630 16031 5713
7991669 16589 4761
7983852 16870 3809
7976119 16958 3194
7993406 16828 2662
7981649 17588 5713
7986508 18493 4761
7998482 18240 3809