38150 6252 2662 
160676 25183 4761 
201801 29396 4761 
245542 27720 2662 
239844 30197 3194 
239025 32938 4761 
291402 38313 4761 
319731 42908 5713 
403336 37372 2662 
445879 39262 2662 
451520 43417 3194 
451251 46314 3809 
453087 54737 5713 
485407 41822 2662 
491487 48709 3809 
485014 52442 4761 
531623 50514 3809 
536273 56454 4761 
575843 47331 2662 
568909 52660 3809 
572007 58035 4761 
608581 62458 4761 
694357 60165 3809 
738557 58826 3194 
728454 67475 4761 
777222 60929 3194 
830727 74292 4761 
823155 82493 5713 
846888 75651 4761 
887848 66175 3194 
891877 76585 4761 
939213 67297 3194 
990928 62955 2662 
976044 68746 3194 
991175 81330 4761 
1010728 74190 3809 
1024499 89676 5713 
1053632 66936 2662 
1059623 85425 4761 
1065662 92389 5713 
1103845 74944 3194 
1140029 68340 2662 
1139945 82493 3809 
1151989 81073 3809 
1201111 71173 2662 
1177316 75980 3194 
1198393 76479 3194 
1192425 82428 3809 
1222805 77361 3194 
1218938 101327 5713 
1265832 73188 2662 
1260769 89006 3809 
1268619 94261 4761 
1262387 94296 4761 
1304148 73920 2662 
1308576 86353 3809 
1356388 75980 2662 
1361362 89027 3809 
1352293 105915 5713 
1379368 76131 2662 
1388322 102106 4761 
1383706 111163 5713 
1434795 77995 2662 
1425679 93143 3809 
1429483 110075 5713 
1487831 79679 2662 
1481751 93610 3809 
1513959 87616 3194 
1514284 105468 4761 
1526849 115287 5713 
1558528 89860 3194 
1555569 95542 3809 
1561042 95711 3809 
1588317 119090 5713 
1625128 94857 3194 
1679466 89006 2662 
1672568 94462 3194 
1677262 113076 4761 
1727950 89006 2662 
1722229 90713 2662 
1726281 97689 3194 
1755840 89006 2662 
1757024 87487 2662 
1755003 95795 3194 
1800073 89294 2662 
1795536 97570 3194 
1797353 105689 3809 
1788968 116799 4761 
1846030 99860 3194 
1874638 90660 2662 
1885843 94447 2662 
1881313 100536 3194 
1920918 99925 3194 
2014731 95640 2662 
2011800 112885 3809 
2008521 110804 3809 
2049772 99860 2662 
2045316 112352 3809 
2137540 99341 2662 
2169434 98241 2662 
2174683 110698 3194 
2173003 110107 3194 
2184151 116350 3809 
2217322 99733 2662 
2219615 104202 2662 
2204703 110714 3194 
2211866 109089 3194 
2253144 104202 2662 
2250546 109555 3194 
2247929 109854 3194 
2293503 104396 2662 
2302858 110714 3194 
2325396 113826 3194 
2375788 104729 2662 
2413516 114400 3194 
2465957 105594 2662 
2508004 118679 3194 
2546214 107573 2662 
2547135 121569 3194 
2615494 121569 3194 
2694918 111301 2662 
2787846 113163 2662 
2989074 118592 2662 
3035869 120458 2662 
