165868 19761 2662 
165998 26474 5713 
250681 30222 3809 
288926 31755 3194 
336074 37332 3809 
404192 44805 4761 
455938 42527 3194 
456726 50053 4761 
495561 44566 3194 
534572 53971 4761 
542060 60229 5713 
617061 64496 5713 
654359 55626 3809 
701231 59004 3809 
688321 64517 4761 
705310 64465 4761 
690239 68940 5713 
732885 51745 2662 
735652 60787 3809 
737217 71932 5713 
791511 76384 5713 
864374 61572 3194 
871221 67851 3809 
903052 58371 2662 
896927 64042 3194 
908375 69249 3809 
907908 76555 4761 
906128 81183 5713 
947961 68579 3809 
930546 75079 4761 
942585 84308 5713 
981451 59678 2662 
977377 83357 5713 
1011555 88500 5713 
1065466 82484 4761 
1060744 91290 5713 
1105011 65074 2662 
1112969 83297 4761 
1105052 92186 5713 
1110598 92756 5713 
1155773 72408 3194 
1198666 77004 3809 
1175537 78929 3809 
1188414 95406 5713 
1230702 77418 3194 
1217838 89299 4761 
1270193 78315 3194 
1268610 100260 5713 
1315987 79196 3194 
1307485 85783 3809 
1320008 93598 4761 
1314181 95670 4761 
1319481 102877 5713 
1353646 72539 2662 
1350039 80911 3194 
1364951 94865 4761 
1361107 95878 4761 
1391115 105831 5713 
1384193 104445 5713 
1446045 100952 4761 
1439899 108709 5713 
1466719 84218 3194 
1518974 103161 4761 
1527014 109046 5713 
1552187 85241 3194 
1561820 95574 3809 
1562374 105443 4761 
1586948 88603 3194 
1594044 94702 3809 
1589966 106452 4761 
1641056 81649 2662 
1638461 91195 3194 
1642970 97840 3809 
1682819 92405 3194 
1677283 94843 3809 
1672199 98934 3809 
1686483 107783 4761 
1690749 109009 4761 
1716120 84513 2662 
1723232 93708 3194 
1763336 90500 3194 
1767558 100847 3809 
1762273 100858 3809 
1805543 87323 2662 
1856471 89491 2662 
1892311 103380 3809 
1932372 87920 2662 
1924208 96470 3194 
1923413 97548 3194 
1925177 98679 3194 
1926140 106066 3809 
1979141 91828 2662 
1968291 103956 3809 
2008677 93520 2662 
2045480 102122 3194 
2094907 104321 3194 
2140216 96256 2662 
2166611 97993 2662 
2206620 94901 2662 
2256966 108509 3194 
2332593 98363 2662 
2340272 107806 3194 
2411821 104059 2662 
2426430 111329 3194 
2462881 107806 3194 
2496174 104180 2662 
2532620 106863 2662 
2655483 108904 2662 
2670773 109295 2662 
2705955 108678 2662 
2751455 105881 2662 
2795125 110325 2662 
2866807 113646 2662 
