282370 29371 2662 
275283 34238 3809 
288579 38865 4761 
281522 39784 5713 
333736 35468 3194 
327605 45163 5713 
420312 38120 2662 
451957 39899 2662 
485148 44734 3194 
519208 43825 2662 
529955 47253 3194 
529180 55351 4761 
570449 49511 3194 
561222 59023 4761 
617245 66565 5713 
651201 70203 5713 
688613 52101 2662 
701896 51699 2662 
730547 60433 3194 
744251 68833 4761 
743567 68744 4761 
773416 69894 4761 
815313 72508 4761 
819544 74748 4761 
860779 68411 3809 
863450 82052 5713 
901683 80322 4761 
904183 86383 5713 
936031 66275 3194 
929651 84616 5713 
1010783 64089 2662 
1022570 69748 3194 
1023901 70714 3194 
1058857 67941 2662 
1062188 78422 3809 
1076223 88016 4761 
1104919 80322 3809 
1100386 78877 3809 
1158674 69624 2662 
1133608 74389 3194 
1142451 75179 3194 
1155366 81212 3809 
1140189 95555 5713 
1182371 70650 2662 
1189465 70532 2662 
1174568 77810 3194 
1199532 91859 4761 
1188499 102031 5713 
1236724 71639 2662 
1223939 92016 4761 
1274184 80052 3194 
1256488 79293 3194 
1309880 90630 3809 
1391867 83894 3194 
1394917 83574 3194 
1395653 90523 3809 
1392922 99568 4761 
1387049 108544 5713 
1400108 109250 5713 
1443098 92360 3809 
1438915 109742 5713 
1466857 79057 2662 
1476384 88224 3194 
1475353 113622 5713 
1511216 97689 3809 
1518184 106373 4761 
1523942 104859 4761 
1560473 89505 3194 
1564804 108518 4761 
1553970 116271 5713 
1631336 98465 3809 
1635603 112885 4761 
1637095 109433 4761 
1685263 86344 2662 
1676778 110809 4761 
1714996 105287 3809 
1710129 114337 4761 
1760060 103260 3809 
1815511 89006 2662 
1796338 88350 2662 
1803485 91798 2662 
1855892 101409 3194 
1877945 91689 2662 
1895688 99493 3194 
1887895 99701 3194 
1925300 100954 3194 
1973426 93198 2662 
1971152 94759 2662 
1965150 101559 3194 
1966258 105170 3194 
1966072 109150 3809 
2003176 102651 3194 
2049051 98046 2662 
2058994 117056 3809 
2094447 106953 3194 
2116648 106110 3194 
2169392 99578 2662 
2169691 118388 3809 
2215883 119018 3809 
2259039 109669 3194 
2293177 101798 2662 
2283141 111469 3194 
2368673 113532 3194 
2417361 115357 3194 
2500410 106570 2662 
2529538 116761 3194 
2582138 108511 2662 
2714589 115056 2662 
2709818 111355 2662 
2792093 119398 2662 
2819358 117227 2662 
2838339 116239 2662 
2856590 118833 2662 
2958971 120023 2662 
3039841 121144 2662 
3107804 119995 2662 
