83851 12156 2662 
169257 20107 2662 
169349 22218 3194 
203878 23500 2662 
201435 25185 3194 
209443 31492 5713 
259031 30624 3809 
292861 32078 3194 
378648 34609 2662 
368968 45432 5713 
420709 40718 3194 
410321 48128 5713 
445315 42169 3194 
459425 53249 5713 
496402 43423 3194 
614662 50638 3194 
608470 53621 3809 
611808 59807 4761 
652094 51978 3194 
693196 58742 3809 
687984 58442 3809 
732335 52663 2662 
750551 57753 3809 
728865 70195 5713 
784371 62287 3809 
808244 55806 2662 
829045 64935 3809 
860614 57801 2662 
866621 74051 4761 
903931 58727 2662 
955351 60487 2662 
933703 75079 4761 
951067 80855 5713 
945378 84705 5713 
975453 67390 3194 
984123 71293 3809 
975605 80176 4761 
976372 86780 5713 
1021467 71229 3809 
1014883 88652 5713 
1065281 82257 4761 
1094105 65430 2662 
1106964 72316 3194 
1111316 85336 4761 
1109631 93813 5713 
1145353 79451 3809 
1151941 92587 5713 
1181305 80737 3809 
1184920 97138 5713 
1192770 97165 5713 
1238934 77752 3194 
1223329 76801 3194 
1225314 88916 4761 
1228579 88555 4761 
1241505 100422 5713 
1279746 72827 2662 
1268423 100220 5713 
1317815 85935 3809 
1314164 94215 4761 
1314491 103546 5713 
1358542 81625 3194 
1364706 87616 3809 
1350293 97284 4761 
1347779 103871 5713 
1398763 81203 3194 
1386329 85898 3809 
1392656 104302 5713 
1441723 75319 2662 
1420328 83007 3194 
1426280 83351 3194 
1446871 90661 3809 
1431594 96365 4761 
1432708 107980 5713 
1469751 81965 3194 
1479694 91180 3809 
1476593 92405 3809 
1517640 77475 2662 
1512334 103376 4761 
1554995 84705 3194 
1548981 92676 3809 
1558183 102649 4761 
1555423 102031 4761 
1596058 89124 3194 
1599455 104229 4761 
1591280 104184 4761 
1635603 97635 3809 
1636971 106457 4761 
1683190 97965 3809 
1719192 85892 2662 
1727291 92900 3194 
1717802 106944 4761 
1756225 86267 2662 
1754440 112974 4761 
1812058 103870 3809 
1805464 101850 3809 
1843181 86630 2662 
1849010 103574 3809 
1887812 89820 2662 
1893506 100292 3809 
1920149 90507 2662 
1917531 88555 2662 
1963768 103956 3809 
1957278 108367 3809 
2006702 93606 2662 
2004605 107837 3809 
2047912 111018 3809 
2094199 103772 3194 
2126755 96210 2662 
2132995 105587 3194 
2139909 103956 3194 
2181499 97328 2662 
2173063 106283 3194 
2256787 105053 3194 
2256907 107806 3194 
2280488 100435 2662 
2295108 109494 3194 
2337586 100426 2662 
2387804 111157 3194 
2377555 111283 3194 
2411217 110273 3194 
2456079 104246 2662 
2503249 104292 2662 
2503599 105541 2662 
2545905 104146 2662 
2541502 103956 2662 
2658203 108875 2662 
2696839 110306 2662 
2864691 114107 2662 
