80393 12849 3194 
152240 23549 3809 
159994 25195 4761 
199483 26050 3194 
367390 43996 4761 
453222 40110 2662 
448700 49844 4761 
438471 53532 5713 
538160 48385 3194 
560583 49336 3194 
567245 64466 5713 
604830 47227 2662 
610313 51563 3194 
621798 56164 3809 
651965 58585 3809 
647273 69468 5713 
697386 71639 5713 
749273 70066 4761 
780921 59801 3194 
782953 63958 3809 
771461 71332 4761 
777838 75980 5713 
766253 75354 5713 
865986 58826 2662 
857367 63923 3194 
912602 70097 3809 
934191 82493 4761 
1013289 64978 2662 
1028720 72806 3194 
1104611 73809 3194 
1105970 81067 3809 
1148308 84664 3809 
1143209 95806 5713 
1178030 79279 3194 
1196637 99860 5713 
1265767 82437 3194 
1313499 87016 3809 
1305435 89726 3809 
1360786 82243 3194 
1338408 99860 4761 
1340246 98227 4761 
1347544 109897 5713 
1397775 77611 2662 
1434208 78072 2662 
1426880 84571 3194 
1434203 102546 4761 
1470879 114752 5713 
1523602 80495 2662 
1512778 105292 4761 
1550976 82705 2662 
1554004 116501 5713 
1549268 119791 5713 
1584262 97219 3809 
1644781 109408 4761 
1677444 110632 4761 
1724386 87571 2662 
1713756 87411 2662 
1755115 96881 3194 
1800488 90542 2662 
1806552 115241 4761 
1796786 119607 4761 
1836778 99019 3194 
1872281 94462 2662 
1968777 94850 2662 
1967776 114282 3809 
2044472 114720 3809 
2098164 99264 2662 
2101766 105922 3194 
2125056 107087 3194 
2138420 114787 3809 
2168686 99656 2662 
2184151 109650 3194 
2204797 109499 3194 
2293110 101742 2662 
2285572 105371 2662 
2378678 103631 2662 
2374334 113496 3194 
2500908 120824 3194 
2533863 108528 2662 
2579133 109654 2662 
2626532 110031 2662 
2664840 112081 2662 
2695801 111495 2662 
2705922 112059 2662 
2700014 112017 2662 
2753159 115284 2662 
2788038 116370 2662 
2944733 117827 2662 
2979139 117234 2662 
