84882 13781 4761 
122443 17646 3809 
169440 20804 2662 
167408 25129 4761 
208084 23274 2662 
287535 33693 3809 
299991 40823 5713 
340951 39219 4761 
367505 34480 2662 
376379 39461 3809 
372168 43689 4761 
405805 38502 3194 
413008 46656 4761 
487919 55828 5713 
574491 48215 3194 
565578 52184 3809 
580792 61316 5713 
613078 54128 3809 
701906 58879 3809 
689834 62334 4761 
728322 50932 2662 
735528 61176 3809 
775317 62041 3809 
819686 54263 2662 
825157 60197 3194 
816409 71229 4761 
857334 62570 3194 
862236 78658 5713 
901778 67583 3809 
898852 76215 4761 
946158 85283 5713 
980618 62523 2662 
975178 67379 3194 
984448 72112 3809 
976762 85261 5713 
1032300 80002 4761 
1066480 91605 5713 
1066149 88555 5713 
1104570 66700 2662 
1107949 70064 3194 
1102936 77190 3809 
1106547 84179 4761 
1141393 68220 2662 
1138292 92979 5713 
1177606 75176 3194 
1201111 97830 5713 
1228479 67379 2662 
1218652 73154 3194 
1218009 90651 4761 
1226279 91266 4761 
1230442 98632 5713 
1269402 77052 3194 
1280383 84597 3809 
1271193 83863 3809 
1277677 101539 5713 
1310057 102171 5713 
1309131 102455 5713 
1347323 87616 3809 
1347330 92405 4761 
1356257 105648 5713 
1390500 82455 3194 
1437020 99199 4761 
1438024 100675 4761 
1439695 104088 5713 
1434397 108995 5713 
1462324 80855 3194 
1502248 79449 2662 
1522511 102036 4761 
1555113 79328 2662 
1543648 100613 4761 
1606029 80195 2662 
1584583 92405 3809 
1638474 94330 3809 
1636250 108758 4761 
1690671 84262 2662 
1681014 95549 3809 
1716809 100134 3809 
1714558 110155 4761 
1764784 96256 3809 
1768336 100106 3809 
1836082 89336 2662 
1840677 103426 3809 
1878837 88393 2662 
1885358 88555 2662 
1890892 105540 3809 
1925766 90637 2662 
1926077 99035 3194 
1915741 96885 3194 
1960705 105857 3809 
2012557 92690 2662 
2009870 100528 3194 
2048620 98181 3194 
2046055 105881 3809 
2093654 111329 3809 
2162680 94480 2662 
2163578 105718 3194 
2245243 95670 2662 
2296626 100866 2662 
2286819 98205 2662 
2293778 109612 3194 
2342609 98713 2662 
2339505 101883 2662 
2335933 105881 3194 
2375546 102897 2662 
2386940 106497 3194 
2418950 98181 2662 
2458414 104249 2662 
2454230 107806 3194 
2501505 102976 2662 
2658811 106689 2662 
2674670 110175 2662 
2825834 112174 2662 
2869849 111206 2662 
