       438 
       474 
      1112 
      3040 
       444 
      1212 
       330 
        16 
      2870 
      2325 
      1051 
       141 
       841 
      1935 
       127 
       141 
       412 
       433 
       979 
       666 
       687 
       269 
       398 
      1398 
       526 
       650 
      1409 
       513 
      1409 
       657 
        44 
      1761 
       983 
      1343 
       643 
       464 
       200 
       983 
       478 
        59 
       145 
       506 
       421 
       682 
       897 
      1850 
      1850 
       682 
       616 
       320 
      2304 
        87 
      2086 
      1176 
      1461 
      1185 
      2233 
        87 
       464 
      2233 
       456 
       464 
      1961 
        87 
       464 
      1093 
        87 
       379 
       456 
      1322 
       250 
      1141 
      1141 
      1322 
       245 
       196 
       301 
      1534 
       196 
       196 
       245 
       196 
       196 
       245 
       348 
       245 
        83 
      2643 
       666 
       413 
       364 
      1276 
      1276 
       261 
       260 
       618 
       190 
       331 
       474 
       474 
       196 
       196 
      3554 
      1349 
       211 
       196 
       196 
       211 
       196 
       196 
       292 
       858 
       858 
      1035 
       847 
       521 
      4095 
       503 
      4095 
      4095 
       272 
      3854 
      4095 
      3413 
