       422 
       112 
       330 
       233 
       225 
        16 
      2310 
      2325 
      1051 
      1670 
      2090 
      1457 
      1711 
       687 
       383 
        11 
      1530 
      1530 
      1398 
      1389 
      1389 
      1389 
       350 
       288 
       512 
      1605 
       170 
         5 
      1761 
        41 
       983 
      1343 
      1343 
       565 
       464 
       200 
       421 
       421 
      2228 
      1169 
      1526 
       682 
       177 
       897 
       897 
       502 
      1555 
       320 
       897 
      1555 
       910 
       406 
        87 
       738 
       738 
        87 
      1168 
       464 
       464 
        87 
       464 
      1093 
       216 
       464 
        33 
       456 
       456 
       250 
       456 
      1322 
      1726 
      1534 
      1534 
       196 
      1534 
        33 
      1534 
        33 
       348 
       196 
       348 
       666 
       413 
      1276 
      1276 
      1276 
      1122 
       261 
      1276 
         7 
       618 
       662 
       220 
      1347 
       389 
       389 
       474 
      3554 
      2579 
       277 
      1250 
       277 
       847 
       847 
       521 
      4095 
       503 
        16 
       272 
      2944 
      2489 
      3854 
      2944 
      4095 
      3413 
      4095 
