       474 
        41 
      1787 
       422 
       908 
      1147 
      1051 
       141 
      1670 
      1457 
      1721 
       383 
       398 
       398 
       526 
       526 
       268 
      1420 
       689 
      1550 
         1 
       657 
       512 
      3093 
       657 
       628 
       170 
      1731 
      1785 
      1535 
       637 
      2349 
       637 
       200 
       643 
        59 
      2289 
      2857 
       177 
       177 
      1850 
       892 
       682 
      1471 
       502 
      2664 
       910 
      2327 
      1093 
      2550 
      2465 
      1168 
       464 
      3076 
      1093 
      2086 
      1168 
       464 
       464 
      1600 
       464 
       738 
       456 
      1322 
       738 
      1141 
       456 
       250 
      1141 
       456 
      2275 
       301 
      2116 
       301 
      2506 
      1726 
      2340 
      1534 
      1398 
      1561 
      1561 
       668 
       618 
       348 
      1550 
      1290 
      2958 
      1306 
      1306 
      1276 
       618 
      1232 
      1290 
      1122 
      2027 
       389 
       474 
       474 
      1635 
       277 
      1218 
      1985 
       950 
      2807 
      3262 
      2228 
       521 
       503 
       503 
       503 
      1801 
      4095 
      3854 
