      1608 
       474 
       474 
      1600 
      1108 
      2325 
        90 
       108 
      1457 
      1711 
       383 
      2344 
       666 
       398 
       398 
        11 
        20 
      1389 
      2934 
       995 
      1389 
         1 
       288 
      3093 
       657 
       628 
       643 
       983 
       204 
       145 
       421 
       327 
       387 
       406 
      1471 
       910 
      1185 
        87 
      1093 
      1168 
      1168 
       464 
      1961 
      1961 
       738 
       456 
       464 
      1093 
       456 
      1093 
      1322 
      1322 
      1141 
      1534 
      1534 
       196 
       196 
       245 
       348 
      2643 
      2643 
       215 
       303 
       261 
       260 
       331 
       474 
       389 
       196 
      3554 
       474 
       196 
       196 
      1250 
       292 
       950 
       847 
      4095 
       503 
       339 
       339 
       272 
       272 
       272 
       272 
        16 
      3854 
      4095 
      4095 
