      3233 
       474 
       474 
      1600 
      1600 
      1112 
       422 
       422 
       225 
        69 
       960 
       108 
      1935 
       841 
      1670 
       666 
       666 
      1711 
      1530 
       398 
       398 
      1420 
      1398 
        20 
       995 
      2001 
       995 
      3093 
      1409 
      3093 
      2349 
      1535 
      1692 
       514 
      1761 
      1785 
       643 
       200 
      1785 
       200 
       643 
      2289 
       145 
      2734 
       177 
       682 
      1305 
       682 
       387 
      1471 
       502 
       616 
      2664 
      2664 
      1471 
      2304 
      2327 
      2550 
      2086 
       464 
      1093 
      1433 
      1168 
       464 
      1093 
      2550 
       464 
      2233 
      1093 
       738 
        87 
      1600 
       464 
      1093 
        87 
        87 
      1961 
       456 
       738 
      1195 
       456 
       456 
       250 
      1322 
       456 
      2116 
      2340 
      2116 
      1398 
      1561 
      2340 
       196 
      2643 
        83 
       668 
       348 
      1125 
      1611 
      2148 
      1687 
      2882 
      1290 
       618 
      1122 
       618 
       331 
       389 
       474 
       389 
       389 
       474 
       389 
       470 
       277 
      1250 
       277 
      2167 
      1985 
      1985 
      1985 
      1042 
      2228 
       521 
      2228 
      2228 
       503 
       339 
      3854 
