      2061 
      1849 
       474 
       474 
      1600 
       112 
       233 
      2063 
       225 
       155 
      1108 
       140 
        55 
       841 
      1711 
       666 
       383 
       666 
       398 
      1643 
      1420 
       689 
       995 
      3093 
      2183 
      1389 
       657 
      1605 
       628 
        44 
       478 
       983 
      1761 
      1785 
       478 
       643 
        59 
       200 
       924 
      2649 
       535 
      2857 
       506 
       177 
      1850 
      1471 
      3109 
      1850 
      2664 
      1555 
      1471 
      1120 
      1398 
      1398 
      1176 
       464 
       464 
      1433 
      2465 
       464 
      1093 
      1600 
      1600 
       464 
       464 
      1093 
      1093 
       456 
      1093 
      1600 
      2275 
      1195 
      2449 
      1534 
      1398 
      2506 
       618 
      1534 
      2506 
       668 
       348 
        83 
      1550 
      2882 
      1290 
      1687 
      1276 
      1306 
      1290 
      1232 
      1276 
      2057 
      1361 
      2641 
      1332 
       389 
      1349 
      1250 
      1349 
       277 
      2167 
      2167 
      1985 
       915 
      1985 
      2227 
      1042 
      3262 
      2958 
       521 
       339 
      2489 
      3854 
