604.00			
1194.00			
1198.00			
1489.00			
1493.00			
1505.00			
1787.00			
2069.00			
2077.00			
2078.00			
2086.00			
2090.00			
2368.00			
2385.00			
2654.00			
2680.00			
2944.00			
2958.00			
2975.00			
3234.00			
3243.00			
3270.00			
3528.00			
3533.00			
3814.00			
3823.00			
3841.00			
4113.00			
4131.00			
4408.00			
4412.00			
4426.00			
4430.00			
4698.00			
4725.00			
4969.00			
4992.00			
4997.00			
5269.00			
5273.00			
5282.00			
5291.00			
5296.00			
5310.00			
5563.00			
5572.00			
5586.00			
5844.00			
5862.00			
5871.00			
5876.00			
6134.00			
6147.00			
6171.00			
6175.00			
6424.00			
6456.00			
6470.00			
6709.00			
6718.00			
6751.00			
6760.00			
6765.00			
6775.00			
7013.00			
7022.00			
7041.00			
7060.00			
7284.00			
7293.00			
7298.00			
7312.00			
7345.00			
7574.00			
7597.00			
7616.00			
7621.00			
7864.00			
7882.00			
7883.00			
7887.00			
7916.00			
7925.00			
8149.00			
8158.00			
8163.00			
8182.00			
8210.00			
8215.00			
8434.00			
8439.00			
8453.00			
8467.00			
8486.00			
8500.00			
8505.00			
8510.00			
8719.00			
8743.00			
8748.00			
8766.00			
8776.00			
8781.00			
9023.00			
9028.00			
9095.00			
9332.00			
9337.00			
9356.00			
9380.00			
9608.00			
9622.00			
9665.00			
9888.00			
9893.00			
9898.00			
9907.00			
9912.00			
9931.00			
9940.00			
9950.00			
9955.00			
10169.00			
10178.00			
10188.00			
10193.00			
10197.00			
10202.00			
10226.00			
10240.00			
10255.00			
10454.00			
10468.00			
10473.00			
10492.00			
10502.00			
10511.00			
10530.00			
10739.00			
10749.00			
10772.00			
10791.00			
10796.00			
10806.00			
11043.00			
11053.00			
11067.00			
11086.00			
11091.00			
11096.00			
11343.00			
11376.00			
11381.00			
11386.00			
11637.00			
11647.00			
11661.00			
11666.00			
11671.00			
11889.00			
11937.00			
11951.00			
12189.00			
12208.00			
12217.00			
12241.00			
12246.00			
12474.00			
12497.00			
12526.00			
12536.00			
12749.00			
12754.00			
12759.00			
12778.00			
12797.00			
12802.00			
13054.00			
13063.00			
13087.00			
13334.00			
13339.00			
13348.00			
13353.00			
13372.00			
13624.00			
13629.00			
13633.00			
13904.00			
13909.00			
13923.00			
13928.00			
13947.00			
13952.00			
13962.00			
14199.00			
14208.00			
14237.00			
14484.00			
14503.00			
14522.00			
14527.00			
14788.00			
14798.00			
15064.00			
15068.00			
15078.00			
15083.00			
15093.00			
15344.00			
15354.00			
15373.00			
15387.00			
15667.00			
15943.00			
15948.00			
15958.00			
16209.00			
16214.00			
16228.00			
16233.00			
16242.00			
16499.00			
16527.00			
16803.00			
16808.00			
16813.00			
17093.00			
17098.00			
17359.00			
17364.00			
17644.00			
17649.00			
17659.00			
17939.00			
17944.00			
17953.00			
18219.00			
18804.00			
19069.00			
19079.00			
19089.00			
19939.00			
19944.00			
20219.00			
20229.00			
20234.00			
20804.00			
21079.00			
21374.00			
21944.00			
