       566 
      2906 
      1541 
       790 
      2327 
      2292 
      1541 
       176 
      1541 
      2906 
      1931 
      2906 
       631 
      1113 
      3110 
      2530 
      1386 
       533 
      1462 
      1386 
      1530 
       931 
       931 
      2581 
       550 
       249 
       362 
       931 
       158 
      1689 
      1784 
       931 
       704 
      1386 
      1784 
      2751 
       840 
      2092 
      1386 
      2751 
       683 
      1727 
      1386 
      1386 
      1214 
      1214 
      3034 
      1770 
      2124 
      2124 
       304 
      1315 
      1307 
      1307 
       475 
       475 
       475 
       304 
      3034 
       676 
       873 
      3034 
      3034 
      2761 
      2155 
      3034 
       850 
      1442 
      1669 
      3034 
      3034 
      1942 
      2089 
      1279 
       850 
      3034 
      1305 
      1669 
      3034 
      1305 
       645 
      2149 
      2124 
      2124 
      1657 
      2522 
      1032 
      3034 
      1170 
      1669 
      1499 
      1772 
      1982 
      2342 
      3175 
      1205 
      4085 
      2160 
      3630 
      2006 
      3630 
       795 
      3252 
      1887 
      2979 
      4085 
      2228 
      2979 
      2228 
      2160 
      1478 
      1751 
      3796 
