      2451 
       176 
       176 
      1086 
      1931 
      1541 
      1996 
      1386 
      1951 
      3110 
       476 
      2700 
      3110 
        21 
        21 
        21 
        21 
      1068 
       209 
       931 
       249 
      2342 
      2342 
      1574 
        21 
      1523 
       461 
      1386 
        21 
       122 
       683 
      1024 
      1386 
       512 
       759 
       405 
       304 
       304 
       873 
       311 
       311 
       475 
       850 
       850 
      1897 
      1442 
      1063 
      1669 
       499 
       850 
       304 
       304 
       724 
      1279 
      1279 
       304 
       304 
       304 
      1533 
      3034 
      2352 
       759 
       304 
       304 
       402 
      1214 
      1460 
      1205 
      1096 
      3252 
      1460 
       641 
       641 
       795 
       522 
      2228 
      1887 
      3252 
       977 
       795 
      1478 
      2115 
      2115 
       522 
      2115 
      1523 
      1523 
      4095 
      4095 
