      1541 
       790 
       859 
      2565 
      1086 
      1931 
      1541 
      1996 
      1541 
      2751 
      1386 
       567 
      1386 
      1462 
      1386 
      2296 
        21 
      1530 
       931 
        21 
      1113 
       550 
       158 
      1898 
      1386 
      1523 
      1689 
      1784 
      2069 
      2751 
      1784 
      1443 
      1784 
      1367 
      2145 
       840 
      2751 
      2751 
       840 
       840 
      1487 
      2331 
      2048 
      3034 
      1315 
      2124 
       795 
       930 
      2059 
       645 
      1676 
      1676 
       475 
      2579 
       873 
      1676 
      1676 
      1768 
      1768 
      3034 
      2155 
      1897 
       499 
      2761 
      3034 
       997 
       499 
       850 
      2089 
      2644 
      2579 
      1671 
       304 
      1671 
      3034 
       304 
      1669 
      1669 
      3034 
      1671 
      1671 
      1305 
      1305 
       850 
      1555 
      2149 
      3034 
      3034 
      3034 
      1032 
      1072 
      2522 
      2929 
      1669 
      1499 
      1205 
      4085 
      1460 
      3175 
       641 
      3630 
      2006 
      2228 
      2979 
      2979 
      2228 
       522 
      2160 
      2160 
      3252 
      3252 
      2160 
      2568 
