      1996 
      1268 
      1086 
      2451 
      1639 
       176 
      1541 
      1541 
       631 
      1541 
      1405 
      2296 
      3110 
        21 
        21 
        21 
      1530 
      1530 
       362 
      2205 
      2205 
      1068 
       249 
       249 
        21 
       931 
       461 
       931 
       704 
      1784 
      1386 
      1159 
      1159 
      1386 
        21 
       426 
       683 
       683 
        21 
       122 
       122 
      2048 
      1386 
      2296 
      2033 
      1032 
      2124 
       304 
      1224 
      2124 
       795 
       795 
       304 
       873 
      2238 
      1564 
      1879 
      1768 
      2155 
      2076 
      2155 
       850 
       304 
      2155 
       304 
       499 
       499 
       304 
       304 
       304 
       304 
       304 
      1279 
       304 
      1279 
       304 
       987 
       304 
      1214 
       850 
      1533 
       759 
      1498 
       759 
       759 
       759 
      1669 
       304 
       759 
       304 
      1170 
       304 
       409 
      1669 
      1096 
      1205 
      1460 
      3252 
      3252 
       641 
       795 
       641 
      1432 
      2342 
       522 
      3252 
      1250 
       522 
       522 
      1751 
      1751 
      1751 
      1751 
      4095 
      4095 
      4095 
