      1814 
       176 
      1541 
      1541 
       176 
       176 
      1086 
       631 
      2565 
      1541 
       176 
       631 
      1386 
      1541 
      1541 
      1541 
      1371 
        21 
      2700 
      1847 
        21 
       567 
        97 
       209 
      1750 
       209 
      1614 
       931 
       552 
       158 
      1689 
       704 
      2296 
       704 
      1523 
       476 
       115 
       931 
       426 
       840 
       122 
      1386 
       683 
      2048 
      1224 
      1214 
      1315 
      2331 
      1315 
       759 
      1224 
       304 
       766 
       766 
       405 
       304 
       304 
       304 
       475 
       577 
       514 
      1768 
       850 
      1089 
      2155 
       850 
      1089 
       304 
       499 
       304 
       304 
       997 
       997 
      2579 
       577 
       304 
       577 
       987 
       304 
       403 
       304 
       304 
       304 
       577 
       850 
       304 
       304 
      2352 
       759 
      1498 
       304 
       759 
       759 
       304 
       402 
      1170 
       409 
      1214 
      1460 
      1460 
       641 
       641 
      3252 
      1460 
       522 
       641 
       641 
      1341 
       641 
       641 
       522 
       641 
       522 
      2797 
      2342 
      2797 
      3252 
       977 
      3252 
      3252 
      2115 
      1523 
      4095 
      4095 
