      2451 
      1541 
      1604 
      2327 
      1996 
       859 
       631 
      2565 
      1541 
      2565 
      2906 
       631 
       176 
      1541 
      1541 
      3110 
       533 
      1386 
      4065 
      1462 
      1386 
      2725 
      2751 
        21 
       931 
      1574 
       476 
      1574 
      1614 
      1898 
      1443 
      2751 
      1784 
      1784 
       704 
      1386 
       461 
       931 
      1386 
      1367 
      2145 
      2478 
       122 
      1727 
       840 
      2048 
      2751 
      2048 
       931 
      1214 
      1315 
      1315 
      2124 
      3034 
       930 
      1770 
       930 
       304 
      1676 
       475 
       873 
       304 
       311 
       475 
      1897 
       304 
      1768 
      3034 
      1897 
      1897 
      2076 
      2215 
      2155 
      1897 
      2076 
      1089 
      2488 
       499 
      3034 
      1089 
      1442 
      1442 
      2118 
      2644 
      2644 
       304 
      2644 
      3034 
       304 
      1671 
      2215 
       304 
      1897 
      2149 
      1799 
      1669 
      2149 
      2010 
      2149 
      1498 
      2579 
      2929 
      1170 
      1669 
      1170 
      1982 
      1717 
      4085 
      1205 
      1717 
      2720 
      1324 
      2570 
       641 
      1614 
      2006 
      2160 
      2524 
      2524 
      2979 
      2228 
      2228 
      2797 
      2228 
      2228 
      2160 
      1478 
      1751 
